#Sun Feb  9 11:36:29 2025
# Copy file into sbs-onl@sbsvtp#:~/cfg/pedestals for online pedestal subtraction
# format = crate, slot, mpd, adc_ch, CM min, CM max
          58          11          12           0         526         616
          58          11          12           1         646         734
          58          11          12           2         588         674
          58          11          12           3         627         712
          58          11          12           4         719         815
          58          11          12           5         682         769
          58          11          12           6         632         716
          58          11          12           7         701         779
          58          11          12           8         620         697
          58          11          12           9         507         581
          58          11          12          10         457         537
          58          11          12          11         612         719
          58          11          16          10         379         494
          58          11          16          11         453         551
          58          11          16          12         429         529
          58          11          16          13         433         536
          58          11          16          14         261         363
          58          11          17           0         406         516
          58          11          17           1         508         613
          58          11          17           2         543         655
          58          11          17           3         512         602
          58          11          17           4         499         587
          58          11          13           0         432         540
          58          11          13           1         400         478
          58          11          13           2         488         585
          58          11          13           3         561         640
          58          11          13           4         334         402
          58          11          13           5         477         553
          58          11          13           6         494         590
          58          11          13           7         568         647
          58          11          13           8         378         463
          58          11          13           9         473         553
          58          11          13          10         361         438
          58          11          13          11         425         521
          58          11          16           5         335         430
          58          11          16           6         389         490
          58          11          16           7         450         532
          58          11          16           8         255         354
          58          11          16           9         462         557
          58          11          17           5         604         690
          58          11          17           6         577         652
          58          11          17           7         574         675
          58          11          17           8         618         703
          58          11          17           9         524         635
          58          11          14           0         288         375
          58          11          14           1         373         449
          58          11          14           2         267         363
          58          11          14           3         355         436
          58          11          14           4         360         434
          58          11          14           5         404         480
          58          11          14           6         449         537
          58          11          14           7         487         559
          58          11          14           8         517         600
          58          11          14           9         337         403
          58          11          14          10         383         458
          58          11          14          11         333         431
          58          11          16           0         509         601
          58          11          16           1         427         511
          58          11          16           2         311         409
          58          11          16           3         428         512
          58          11          16           4         321         411
          58          11          17          10         395         498
          58          11          17          11         307         402
          58          11          17          12         248         336
          58          11          17          13         448         546
          58          11          17          14         380         479
          58          11          15           0         516         640
          58          11          15           1         441         525
          58          11          15           2         470         558
          58          11          15           3         416         496
          58          11          15           4         518         601
          58          11          15           5         467         544
          58          11          15           6         524         613
          58          11          15           7         412         488
          58          11          15           8         350         419
          58          11          15           9         596         681
          58          11          15          10         375         449
          58          11          15          11         396         498
          58          11          18           0         396         526
          58          11          18           1         266         365
          58          11          18           2           0           0
          58          11          18           3         374         464
          58          11          18           4         345         436
          58          11          18           8         537         635
          58          11          18           9         451         546
          58          11          18          10         471         567
          58          11          18          11         540         638
          58          11          18          12         431         518
          58          11          19           0         378         498
          58          11          19           1         469         549
          58          11          19           2         482         571
          58          11          19           3         457         579
          58          11          19           4         504         586
          58          11          19           5         587         670
          58          11          19           6         674         765
          58          11          19           7         520         604
          58          11          19           8         501         592
          58          11          19           9         498         588
          58          11          19          10         495         580
          58          11          19          11         603         705
          20          11          15          10         503         614
          20          11          15          11         531         641
          20          11          15          12         370         476
          20          11          15          13         360         467
          20          11          15          14         467         549
          58          11          20           0         420         512
          58          11          20           1         492         592
          58          11          20           2         334         433
          58          11          20           3         317         415
          58          11          20           4         420         514
          20          11          12           0         570         673
          20          11          12           1         571         653
          20          11          12           2         495         603
          20          11          12           3         618         718
          20          11          12           4         525         622
          20          11          12           5         529         634
          20          11          12           6         583         674
          20          11          12           7         541         658
          20          11          12           8         500         598
          20          11          12           9         447         542
          20          11          12          10         544         635
          20          11          12          11         434         549
          20          11          15           5         559         681
          20          11          15           6         528         650
          20          11          15           7         415         522
          20          11          15           8         544         643
          20          11          15           9         516         627
          58          11          20           5         366         473
          58          11          20           6         292         386
          58          11          20           7         460         551
          58          11          20           8         520         643
          58          11          20           9         459         547
          20          11          13           0         505         623
          20          11          13           1         456         616
          20          11          13           2         399         498
          20          11          13           3         305         385
          20          11          13           4         400         465
          20          11          13           5         548         626
          20          11          13           6         488         578
          20          11          13           7         555         657
          20          11          13           8         392         473
          20          11          13           9         310         381
          20          11          13          10         573         664
          20          11          13          11         419         526
          20          11          15           0         321         407
          20          11          15           1         540         627
          20          11          15           2         567         668
          20          11          15           3         441         526
          20          11          15           4         461         540
          58          11          20          10         490         576
          58          11          20          11         476         561
          58          11          20          12         399         496
          58          11          20          13         277         362
          58          11          20          14         256         340
          20          11          14           0         618         725
          20          11          14           1         487         575
          20          11          14           2         631         727
          20          11          14           3         445         536
          20          11          14           4         652         738
          20          11          14           5         486         561
          20          11          14           6         492         584
          20          11          14           7         657         751
          20          11          14           8         514         593
          20          11          14           9         636         717
          20          11          14          10         445         584
          20          11          14          11         539         653
          58          11          21           0         543         660
          58          11          21           1         291         381
          58          11          21           2         552         648
          58          11          21           3         371         455
          58          11          21           4         234         328
          58          11          21           8         501         619
          58          11          21           9         418         504
          58          11          21          10         394         474
          58          11          21          11         445         524
          58          11          21          12         405         503
          58          11          22           0         346         487
          58          11          22           1         461         569
          58          11          22           2         429         553
          58          11          22           3         320         397
          58          11          22           4         553         654
          58          11          22           5         289         401
          58          11          22           6         399         484
          58          11          22           7         542         728
          58          11          22           8         611         704
          58          11          22           9         545         667
          58          11          22          10         572         717
          58          11          22          11         285         408
          24          11           9          10         418         537
          24          11           9          11         351         468
          24          11           9          12         464         600
          24          11           9          13         254         372
          24          11           9          14         413         521
          24          11          10           0         374         474
          24          11          10           1         403         487
          24          11          10           2         529         629
          24          11          10           3         431         515
          24          11          10           4         474         569
          58          11          23           0         426         570
          58          11          23           1         516         662
          58          11          23           2         561         706
          58          11          23           3         330         466
          58          11          23           4         330         470
          58          11          23           5         401         530
          58          11          23           6         363         491
          58          11          23           7         311         442
          58          11          23           8         326         456
          58          11          23           9         487         626
          58          11          23          10         428         565
          58          11          23          11         502         638
          24          11           9           5         413         565
          24          11           9           6         430         593
          24          11           9           7         404         548
          24          11           9           8         412         561
          24          11           9           9         387         544
          24          11          10           5         502         647
          24          11          10           6         405         553
          24          11          10           7         380         517
          24          11          10           8         475         605
          24          11          10           9         374         501
          25          11           8           0         411         525
          25          11           8           1         656         757
          25          11           8           2         546         653
          25          11           8           3         432         526
          25          11           8           4         426         524
          25          11           8           5         454         557
          25          11           8           6         575         686
          25          11           8           7         430         540
          25          11           8           8         681         774
          25          11           8           9         402         483
          25          11           8          10         613         710
          25          11           8          11         497         605
          24          11           9           0         594         738
          24          11           9           1         543         677
          24          11           9           2         505         621
          24          11           9           3         368         511
          24          11           9           4         518         639
          24          11          10          10         523         641
          24          11          10          11         333         446
          24          11          10          12         340         450
          24          11          10          13         410         526
          24          11          10          14         481         590
          24          11           8           0         584         706
          24          11           8           1         558         630
          24          11           8           2         405         497
          24          11           8           3         431         512
          24          11           8           4         545         621
          24          11           8           5         411         520
          24          11           8           6         452         562
          24          11           8           7         617         702
          24          11           8           8         628         717
          24          11           8           9         432         508
          24          11           8          10         669         756
          24          11           8          11         492         600
          24          11          11           0         481         556
          24          11          11           1         561         643
          24          11          11           2         432         504
          24          11          11           3         553         691
          24          11          11           4         506         594
          24          11          11           8         538         649
          24          11          11           9         491         588
          24          11          11          10         266         356
          24          11          11          11         445         529
          24          11          11          12         271         362
          24          11          12           0         429         626
          24          11          12           1         538         669
          24          11          12           2         507         659
          24          11          12           3         603         736
          24          11          12           4         436         555
          24          11          12           5         572         693
          24          11          12           6         525         712
          24          11          12           7         578         796
          24          11          12           8         542         646
          24          11          12           9         587         756
          24          11          12          10         441         620
          24          11          12          11         476         600
          25          11           9          10         315         475
          25          11           9          11         315         475
          25          11           9          12         474         644
          25          11           9          13         536         709
          25          11           9          14         319         452
          25          11          10           0         353         486
          25          11          10           1         465         591
          25          11          10           2           0           0
          25          11          10           3         385         501
          25          11          10           4         277         379
          24          11          13           0         409         562
          24          11          13           1         562         681
          24          11          13           2         454         572
          24          11          13           3         480         578
          24          11          13           4         385         487
          24          11          13           5         411         507
          24          11          13           6         321         424
          24          11          13           7         374         464
          24          11          13           8         470         569
          24          11          13           9         488         585
          24          11          13          10         313         468
          24          11          13          11         306         443
          25          11           9           5         342         406
          25          11           9           6         546         634
          25          11           9           7         535         629
          25          11           9           8         502         609
          25          11           9           9         480         581
          25          11          10           5         558         667
          25          11          10           6         509         599
          25          11          10           7         334         433
          25          11          10           8           0           0
          25          11          10           9         389         473
          24          11          14           0         598         771
          24          11          14           1         319         409
          24          11          14           2         501         610
          24          11          14           3         584         670
          24          11          14           4         418         506
          24          11          14           5         628         730
          24          11          14           6         537         634
          24          11          14           7         524         629
          24          11          14           8         652         742
          24          11          14           9         438         524
          24          11          14          10         670         776
          24          11          14          11         600         741
          25          11           9           0         664         777
          25          11           9           1         595         700
          25          11           9           2         602         708
          25          11           9           3         626         734
          25          11           9           4         561         675
          25          11          10          10         221         241
          25          11          10          11         413         549
          25          11          10          12         438         538
          25          11          10          13         471         565
          25          11          10          14         586         685
          24          11          15           0         646         823
          24          11          15           1         652         747
          24          11          15           2         476         570
          24          11          15           3         654         746
          24          11          15           4         578         696
          24          11          15           5         577         670
          24          11          15           6         549         700
          24          11          15           7         613         712
          24          11          15           8         584         667
          24          11          15           9         672         778
          24          11          15          10         584         674
          24          11          15          11         494         621
          25          11          11           0         479         610
          25          11          11           1         583         690
          25          11          11           2         370         476
          25          11          11           3         494         599
          25          11          11           4         590         696
          25          11          11           8         483         607
          25          11          11           9         517         619
          25          11          11          10         579         690
          25          11          11          11         499         605
          25          11          11          12         469         579
          25          11          12           0         489         636
          25          11          12           1         815         919
          25          11          12           2         578         681
          25          11          12           3         569         662
          25          11          12           4         675         785
          25          11          12           5         482         588
          25          11          12           6         504         608
          25          11          12           7         596         693
          25          11          12           8         646         755
          25          11          12           9         622         723
          25          11          12          10         563         677
          25          11          12          11         351         471
          25          11          16          10         568         667
          25          11          16          11         478         602
          25          11          16          12         590         709
          25          11          16          13         566         687
          25          11          16          14         576         688
          25          11          17           0         395         558
          25          11          17           1         399         564
          25          11          17           2         434         563
          25          11          17           3         256         344
          25          11          17           4         414         564
          25          11          13           0         399         527
          25          11          13           1         456         561
          25          11          13           2         458         612
          25          11          13           3         567         682
          25          11          13           4         419         540
          25          11          13           5         435         568
          25          11          13           6         519         653
          25          11          13           7         480         606
          25          11          13           8         542         649
          25          11          13           9         526         636
          25          11          13          10         502         623
          25          11          13          11         491         610
          25          11          16           5         481         609
          25          11          16           6         350         463
          25          11          16           7         384         502
          25          11          16           8         483         597
          25          11          16           9         449         588
          25          11          17           5         529         660
          25          11          17           6         364         469
          25          11          17           7         493         597
          25          11          17           8         477         581
          25          11          17           9         540         656
          25          11          14           0         273         412
          25          11          14           1         479         571
          25          11          14           2         532         659
          25          11          14           3         526         630
          25          11          14           4         524         638
          25          11          14           5           0           0
          25          11          14           6         522         725
          25          11          14           7         487         621
          25          11          14           8         568         725
          25          11          14           9         636         755
          25          11          14          10         549         670
          25          11          14          11         497         629
          25          11          16           0         836         972
          25          11          16           1         831         983
          25          11          16           2         986        1088
          25          11          16           3         904        1053
          25          11          16           4         888        1056
          25          11          17          10         511         634
          25          11          17          11         436         563
          25          11          17          12         448         586
          25          11          17          13         498         614
          25          11          17          14         483         600
          25          11          15           0         566         709
          25          11          15           1         471         576
          25          11          15           2         607         720
          25          11          15           3         503         609
          25          11          15           4         416         518
          25          11          15           5         771         942
          25          11          15           6         565         690
          25          11          15           7         572         681
          25          11          15           8           0           0
          25          11          15           9         394         505
          25          11          15          10         587         741
          25          11          15          11         501         689
          25          11          18           0         500         628
          25          11          18           1         398         547
          25          11          18           2         250         356
          25          11          18           3         350         561
          25          11          18           4         447         562
          25          11          18           8         441         605
          25          11          18           9         477         606
          25          11          18          10         500         624
          25          11          18          11         551         689
          25          11          18          12         445         571
          25          11          19           0         437         654
          25          11          19           1         562         761
          25          11          19           2         490         683
          25          11          19           3         564         762
          25          11          19           4         513         710
          25          11          19           5         408         589
          25          11          19           6         477         682
          25          11          19           7         548         728
          25          11          19           8         465         644
          25          11          19           9         483         660
          25          11          19          10         360         558
          25          11          19          11         548         755
          25          11          23          10         412         648
          25          11          23          11         443         575
          25          11          23          12         502         712
          25          11          23          13         426         636
          25          11          23          14         454         665
          25          11          24           0         319         556
          25          11          24           1         262         512
          25          11          24           2         322         562
          25          11          24           3         335         575
          25          11          24           4         346         591
          25          11          20           0         782         934
          25          11          20           1         761         882
          25          11          20           2         760         900
          25          11          20           3         711         816
          25          11          20           4         727         835
          25          11          20           5         713         817
          25          11          20           6         764         891
          25          11          20           7         535         659
          25          11          20           8           0           0
          25          11          20           9         536         645
          25          11          20          10         812         925
          25          11          20          11         538         688
          25          11          23           5         411         599
          25          11          23           6         523         740
          25          11          23           7         298         527
          25          11          23           8         284         488
          25          11          23           9         348         572
          25          11          24           5         407         665
          25          11          24           6         321         565
          25          11          24           7         257         496
          25          11          24           8         410         649
          25          11          24           9         336         580
          25          11          21           0         539         633
          25          11          21           1         565         678
          25          11          21           2         479         603
          25          11          21           3         639         745
          25          11          21           4         571         667
          25          11          21           5         549         653
          25          11          21           6         530         641
          25          11          21           7         414         511
          25          11          21           8         605         722
          25          11          21           9         565         677
          25          11          21          10         417         538
          25          11          21          11         619         743
          25          11          23           0         515         638
          25          11          23           1         513         619
          25          11          23           2         523         632
          25          11          23           3         399         506
          25          11          23           4         411         515
          25          11          24          10         485         642
          25          11          24          11         637         836
          25          11          24          12         322         442
          25          11          24          13         330         509
          25          11          24          14         515         646
          25          11          22           0         592         705
          25          11          22           1         561         660
          25          11          22           2         595         723
          25          11          22           3         460         559
          25          11          22           4         488         586
          25          11          22           5         548         649
          25          11          22           6         624         744
          25          11          22           7         527         632
          25          11          22           8         612         714
          25          11          22           9         576         679
          25          11          22          10         461         562
          25          11          22          11         451         581
          25          11          25           0         512         660
          25          11          25           1         539         664
          25          11          25           2         524         656
          25          11          25           3         580         724
          25          11          25           4         317         467
          25          11          25           8         471         602
          25          11          25           9         490         587
          25          11          25          10        1502        1534
          25          11          25          11         527         635
          25          11          25          12         517         631
          25          11          26           0         665         809
          25          11          26           1         639         777
          25          11          26           2         585         713
          25          11          26           3         660         776
          25          11          26           4         485         604
          25          11          26           5         667         785
          25          11          26           6         596         710
          25          11          26           7         595         712
          25          11          26           8         597         700
          25          11          26           9         645         760
          25          11          26          10         628         745
          25          11          26          11         558         718
          24          11          18          10         363         531
          24          11          18          11         447         652
          24          11          18          12         411         624
          24          11          18          13         414         607
          24          11          18          14         402         582
          24          11          19           0         466         635
          24          11          19           1         430         568
          24          11          19           2         451         576
          24          11          19           3         320         521
          24          11          19           4         428         568
          25          11          27           0         476         609
          25          11          27           1         466         590
          25          11          27           2         616         752
          25          11          27           3         497         628
          25          11          27           4         571         689
          25          11          27           5         557         678
          25          11          27           6         692         839
          25          11          27           7         474         583
          25          11          27           8         624         750
          25          11          27           9         692         865
          25          11          27          10         679         798
          25          11          27          11         656         798
          24          11          18           5         216         395
          24          11          18           6         364         566
          24          11          18           7         431         610
          24          11          18           8         190         422
          24          11          18           9         380         581
          24          11          19           5         430         563
          24          11          19           6         411         574
          24          11          19           7         472         617
          24          11          19           8         248         396
          24          11          19           9         411         593
          24          11          16           0         355         614
          24          11          16           1         442         584
          24          11          16           2         350         494
          24          11          16           3         549         681
          24          11          16           4         503         632
          24          11          16           5         409         543
          24          11          16           6         523         704
          24          11          16           7         524         654
          24          11          16           8         575         713
          24          11          16           9         566         699
          24          11          16          10         517         622
          24          11          16          11         423         588
          24          11          18           0         345         552
          24          11          18           1         267         404
          24          11          18           2         502         654
          24          11          18           3         259         380
          24          11          18           4         469         623
          24          11          19          10         515         708
          24          11          19          11         561         739
          24          11          19          12         360         518
          24          11          19          13         629         788
          24          11          19          14         587         778
          24          11          17           0         511         669
          24          11          17           1         425         572
          24          11          17           2         485         640
          24          11          17           3         513         666
          24          11          17           4         388         499
          24          11          17           5         611         735
          24          11          17           6         403         525
          24          11          17           7         446         595
          24          11          17           8         510         660
          24          11          17           9         405         559
          24          11          17          10         343         478
          24          11          17          11         407         574
          24          11          20           0         442         654
          24          11          20           1         459         642
          24          11          20           2         392         551
          24          11          20           3         444         589
          24          11          20           4         558         725
          24          11          20           8         405         597
          24          11          20           9         555         765
          24          11          20          10         517         646
          24          11          20          11         428         636
          24          11          20          12         276         450
          24          11          21           0         453         598
          24          11          21           1         657         758
          24          11          21           2         546         646
          24          11          21           3         516         616
          24          11          21           4         683         765
          24          11          21           5         530         621
          24          11          21           6         561         654
          24          11          21           7         644         738
          24          11          21           8         589         684
          24          11          21           9         685         788
          24          11          21          10         509         601
          24          11          21          11         504         635
          24          11          25          10         595         700
          24          11          25          11         480         598
          24          11          25          12         539         645
          24          11          25          13         569         674
          24          11          25          14         660         767
          24          11          26           0         480         566
          24          11          26           1         466         563
          24          11          26           2         529         615
          24          11          26           3         520         604
          24          11          26           4         582         671
          24          11          22           0         575         731
          24          11          22           1         531         631
          24          11          22           2         534         643
          24          11          22           3         527         624
          24          11          22           4         454         546
          24          11          22           5         578         676
          24          11          22           6         600         699
          24          11          22           7         485         582
          24          11          22           8         552         644
          24          11          22           9         528         612
          24          11          22          10         477         577
          24          11          22          11         574         721
          24          11          25           5         419         541
          24          11          25           6         576         708
          24          11          25           7         560         679
          24          11          25           8         541         658
          24          11          25           9         486         593
          24          11          26           5         504         602
          24          11          26           6         517         609
          24          11          26           7         364         459
          24          11          26           8         529         623
          24          11          26           9         574         666
          24          11          23           0         678         795
          24          11          23           1         711         792
          24          11          23           2         589         663
          24          11          23           3         613         698
          24          11          23           4         712         788
          24          11          23           5         569         643
          24          11          23           6         540         622
          24          11          23           7         631         702
          24          11          23           8         635         713
          24          11          23           9         671         743
          24          11          23          10         563         635
          24          11          23          11         614         708
          24          11          25           0         587         694
          24          11          25           1         402         502
          24          11          25           2         611         705
          24          11          25           3         386         480
          24          11          25           4         400         505
          24          11          26          10         477         570
          24          11          26          11         448         539
          24          11          26          12         543         637
          24          11          26          13         531         621
          24          11          26          14         446         546
          24          11          24           0         628         761
          24          11          24           1         519         618
          24          11          24           2         732         827
          24          11          24           3         498         575
          24          11          24           4         492         576
          24          11          24           5         541         622
          24          11          24           6         661         755
          24          11          24           7         609         674
          24          11          24           8         575         650
          24          11          24           9         683         760
          24          11          24          10         683         766
          24          11          24          11         622         719
          24          11          27           0         492         621
          24          11          27           1         444         535
          24          11          27           2         577         671
          24          11          27           3         570         671
          24          11          27           4         467         565
          24          11          27           8         607         715
          24          11          27           9         481         570
          24          11          27          10         491         591
          24          11          27          11         436         538
          24          11          27          12         442         549
